2 0.516692 0.426315 0.068668 0.074488
2 0.596999 0.432716 0.072160 0.080307
2 0.638335 0.587511 0.047680 0.045391
2 0.618585 0.262079 0.043840 0.045746
2 0.679818 0.262794 0.043363 0.045269
0 0.659804 0.204659 0.073860 0.060518
5 0.769461 0.459424 0.194406 0.216971
5 0.792026 0.252868 0.159691 0.204821
5 0.817836 0.643569 0.103002 0.118715
1 0.700285 0.674993 0.032006 0.069832
4 0.550728 0.679649 0.028515 0.074488
4 0.506501 0.681103 0.062267 0.076233
4 0.599029 0.681394 0.023859 0.075652
4 0.576026 0.680381 0.023311 0.075952
3 0.574913 0.531370 0.034013 0.035059
3 0.624624 0.503506 0.028780 0.026949
3 0.624362 0.540659 0.028257 0.025902
2 0.597544 0.577549 0.043170 0.046310
2 0.685585 0.593902 0.041339 0.044478
