1 0.515170 0.251226 0.131400 0.041664
0 0.683336 0.363601 0.102087 0.050125
0 0.683729 0.428553 0.102874 0.056161
2 0.585427 0.358312 0.040830 0.041260
2 0.545564 0.391191 0.040185 0.042119
2 0.586824 0.424500 0.040615 0.040400
2 0.815505 0.312534 0.042945 0.040061
2 0.766630 0.312374 0.042625 0.041023
3 0.768874 0.363973 0.040702 0.042945
3 0.816947 0.365095 0.041343 0.042625
5 0.379344 0.373341 0.228078 0.261158
5 0.383697 0.568339 0.233301 0.104463
5 0.383288 0.782298 0.232293 0.097028
5 0.381376 0.669258 0.224646 0.094638
