2 0.536098 0.416331 0.069690 0.069287
2 0.617258 0.415984 0.072890 0.069982
3 0.562446 0.534245 0.059880 0.059880
3 0.640321 0.531372 0.052096 0.055689
3 0.624481 0.642775 0.107784 0.101796
0 0.569152 0.476343 0.040120 0.026946
1 0.619452 0.476343 0.036527 0.017365
0 0.491894 0.237314 0.065163 0.092314
2 0.561652 0.273237 0.042607 0.043024
2 0.614702 0.272193 0.041771 0.042607
2 0.602797 0.308534 0.029658 0.025898
3 0.560525 0.212065 0.057481 0.055984
2 0.494943 0.308599 0.024549 0.022453
2 0.525230 0.309347 0.025148 0.024549
