0 0.559058 0.476931 0.116906 0.056335
2 0.464476 0.474863 0.060455 0.054622
2 0.398633 0.475009 0.055967 0.056001
2 0.435708 0.327092 0.045509 0.044910
2 0.464362 0.399696 0.044910 0.043713
2 0.403883 0.399097 0.047305 0.043713
2 0.358973 0.355983 0.038922 0.034132
2 0.358075 0.391013 0.035928 0.032335
1 0.350290 0.454187 0.023952 0.046108
0 0.608934 0.297329 0.211344 0.065297
3 0.218497 0.223492 0.064636 0.060196
3 0.217263 0.288375 0.067103 0.061676
1 0.294482 0.288622 0.043913 0.034539
2 0.436172 0.257537 0.048847 0.049341
