2 0.540197 0.347861 0.039284 0.038741
2 0.665460 0.091580 0.077772 0.069118
3 0.586408 0.351039 0.036683 0.036628
1 0.446854 0.453517 0.047033 0.064361
2 0.635158 0.155397 0.066778 0.069532
2 0.596606 0.209095 0.066778 0.070909
2 0.558398 0.263825 0.071597 0.072974
2 0.502634 0.312360 0.075728 0.072286
1 0.493356 0.383499 0.067190 0.055874
3 0.621017 0.361927 0.039607 0.037485
0 0.690461 0.243318 0.115951 0.164798
2 0.724306 0.034527 0.069758 0.069054
2 0.766941 0.433480 0.050157 0.051276
2 0.789957 0.377429 0.055874 0.056581
2 0.805163 0.322440 0.060824 0.054813
2 0.811076 0.258082 0.058062 0.065581
2 0.572845 0.889216 0.061196 0.064110
2 0.507278 0.869983 0.057116 0.065276
3 0.718023 0.434941 0.033948 0.032888
3 0.730047 0.389500 0.035363 0.035363
3 0.742424 0.347771 0.041021 0.043850
0 0.722694 0.149127 0.082177 0.065276
3 0.757406 0.294434 0.043860 0.047202
3 0.594080 0.742141 0.064693 0.068773
3 0.680629 0.768076 0.065276 0.064693
