0 0.273383 0.449014 0.114291 0.097565
2 0.464477 0.356775 0.061097 0.061322
2 0.434303 0.417221 0.049598 0.049871
2 0.435765 0.467301 0.050015 0.048291
2 0.508225 0.440182 0.069007 0.064935
3 0.383943 0.574959 0.031275 0.028371
3 0.385320 0.605248 0.030331 0.029163
3 0.422653 0.574837 0.033463 0.028834
3 0.423674 0.604364 0.029300 0.030224
3 0.476702 0.589083 0.052673 0.052298
3 0.545965 0.588470 0.057719 0.057060
2 0.577546 0.438215 0.069713 0.071375
1 0.292645 0.341893 0.115398 0.070521
2 0.120131 0.353549 0.074601 0.078681
2 0.196189 0.351801 0.071687 0.075184
0 0.373824 0.441875 0.062271 0.101789
1 0.293559 0.556013 0.103585 0.040117
1 0.666099 0.416083 0.084378 0.071011
