3 0.706306 0.351237 0.063863 0.064791
3 0.771371 0.340103 0.058748 0.061645
3 0.835947 0.329195 0.060221 0.058750
3 0.782786 0.403551 0.061279 0.059578
3 0.794633 0.471539 0.063053 0.060088
3 0.806536 0.534241 0.063317 0.058315
3 0.870669 0.524538 0.062357 0.055090
3 0.846428 0.393019 0.061910 0.059966
3 0.858375 0.461101 0.063789 0.061148
2 0.244353 0.495009 0.061710 0.062932
2 0.308055 0.484202 0.061360 0.064729
2 0.296529 0.416013 0.064597 0.063563
2 0.231292 0.425931 0.064519 0.062376
2 0.256817 0.566524 0.062426 0.059779
2 0.321077 0.557213 0.060960 0.065579
2 0.272553 0.691225 0.067259 0.063120
2 0.337474 0.679365 0.065637 0.058865
2 0.348912 0.747150 0.068404 0.060838
2 0.285784 0.755714 0.064110 0.054202
2 0.296566 0.826526 0.065859 0.061779
2 0.362716 0.816327 0.066441 0.063527
