2 0.732724 0.054999 0.075677 0.079213
2 0.811583 0.062956 0.073555 0.080981
2 0.489654 0.054449 0.032442 0.033709
2 0.532994 0.016685 0.032442 0.032188
2 0.528559 0.057364 0.033709 0.035483
1 0.421332 0.040833 0.027036 0.023602
0 0.583585 0.042075 0.052691 0.080234
0 0.639419 0.032195 0.051194 0.061073
3 0.372170 0.215616 0.038271 0.040806
3 0.422353 0.221952 0.039792 0.044354
3 0.474184 0.222966 0.029400 0.032695
3 0.508907 0.226767 0.031428 0.034723
3 0.263429 0.346478 0.090992 0.092732
0 0.349113 0.314452 0.059056 0.086286
