2 0.448880 0.647324 0.053299 0.055143
2 0.450239 0.574149 0.051995 0.052261
2 0.467442 0.413050 0.053555 0.053251
2 0.468822 0.472346 0.053323 0.053289
3 0.621611 0.412230 0.046396 0.042635
3 0.594500 0.468706 0.040835 0.043551
3 0.646504 0.470483 0.045409 0.043533
4 0.342237 0.430306 0.140991 0.225092
4 0.357679 0.215989 0.149784 0.186359
2 0.604660 0.711247 0.054901 0.057091
4 0.831663 0.552532 0.150072 0.374675
0 0.530107 0.588442 0.065963 0.041577
0 0.530366 0.638075 0.066152 0.044156
2 0.531423 0.709806 0.056012 0.055795
2 0.574324 0.432439 0.026046 0.023052
