0 0.4539007092198581 0.400709219858156 0.20567375886524822 0.1879432624113475
2 0.5930851063829787 0.36347517730496454 0.06914893617021278 0.06737588652482274
2 0.6329787234042553 0.424645390070922 0.06737588652482258 0.062056737588652454
2 0.6613475177304966 0.3351063829787234 0.06028368794326248 0.07801418439716311
2 0.7047872340425532 0.39893617021276595 0.06914893617021278 0.04964539007092192
2 0.8111702127659575 0.549645390070922 0.05851063829787236 0.042553191489361666
2 0.850177304964539 0.5939716312056739 0.05141843971631211 0.05673758865248241
2 0.8891843971631207 0.6480496453900709 0.05851063829787236 0.051418439716311964
2 0.8484042553191489 0.6914893617021276 0.05496453900709227 0.05673758865248232
3 0.47606382978723405 0.5664893617021276 0.09042553191489368 0.06560283687943269
3 0.5673758865248227 0.5292553191489362 0.06382978723404249 0.04787234042553187
1 0.7535460992907801 0.6471631205673759 0.10283687943262407 0.09574468085106388
