0 0.249251497005988 0.42065868263473055 0.26497005988023953 0.1796407185628742
0 0.2964071856287425 0.2133233532934132 0.26646706586826346 0.13323353293413173
2 0.715568862275449 0.23802395209580837 0.15868263473053892 0.12574850299401202
2 0.6414670658682635 0.35179640718562877 0.12425149700598809 0.10179640718562873
2 0.6414670658682635 0.4535928143712574 0.12425149700598809 0.09281437125748504
2 0.8218562874251496 0.3982035928143713 0.1706586826347305 0.14670658682634738
3 0.5134730538922156 0.6609281437125748 0.0808383233532934 0.06736526946107788
3 0.5082335329341318 0.7245508982035929 0.08233532934131738 0.06287425149700596
3 0.6077844311377245 0.657934131736527 0.07784431137724539 0.07035928143712582
3 0.6092814541220782 0.7230538922155689 0.06886227544910177 0.05988023952095801
3 0.7372754491017963 0.6938622754491018 0.1482035928143712 0.12425149700598809
3 0.9116766467065868 0.6953592814371258 0.15269461077844312 0.14221556886227554
