0 0.6474550898203593 0.4513473053892216 0.27095808383233533 0.12125748502994015
2 0.4139221556886227 0.4393712574850299 0.1482035928143713 0.12425149700598809
2 0.2470059880239521 0.4341317365269461 0.1407185628742515 0.12275449101796404
2 0.33682634730538924 0.10104790419161677 0.1137724550898204 0.1122754491017964
2 0.4109281437125749 0.249251497005988 0.11227544910179638 0.10928143712574848
2 0.2597305389221557 0.24775449101796407 0.1182634730538922 0.1092814371257485
2 0.1474550898203593 0.13997005988023953 0.0973053892215569 0.08532934131736526
2 0.14520958083832336 0.2275449101796407 0.08982035928143713 0.0808383233532934
1 0.125748502994012 0.38547904191616766 0.059880239520958084 0.11526946107784425
0 0.7544910179640718 0.05389221556886227 0.4580838323353293 0.10179640718562873
