0 0.273383 0.449014 0.114291 0.097565
1 0.464477 0.356775 0.061097 0.061322
1 0.434303 0.417221 0.049598 0.049871
1 0.435765 0.467301 0.050015 0.048291
1 0.508225 0.440182 0.069007 0.064935
2 0.383943 0.574959 0.031275 0.028371
2 0.385320 0.605248 0.030331 0.029163
2 0.422653 0.574837 0.033463 0.028834
2 0.423674 0.604364 0.029300 0.030224
2 0.476702 0.589083 0.052673 0.052298
2 0.545965 0.588470 0.057719 0.057060
1 0.577546 0.438215 0.069713 0.071375
1 0.120131 0.353549 0.074601 0.078681
1 0.196189 0.351801 0.071687 0.075184
0 0.373824 0.441875 0.062271 0.101789
