2 0.3335273573923166 0.4051222351571595 0.15715948777648428 0.10244470314318974
2 0.3370197904540163 0.5401629802095459 0.15250291036088473 0.11641443538998836
2 0.37951105937136204 0.22642607683352736 0.14202561117578583 0.10360884749708962
2 0.3754365541327125 0.11350407450523864 0.14086146682188588 0.10128055878928986
2 0.6449359720605355 0.1490104772991851 0.07450523864959266 0.05122235157159487
3 0.7689173457508731 0.11583236321303843 0.13154831199068695 0.08731082654249128
3 0.8329452852153668 0.21594877764842843 0.11292200232828875 0.09196740395809076
3 0.6984866123399303 0.21594877764842843 0.10244470314318974 0.07799767171129218
0 0.5395809080325961 0.43131548311990686 0.17345750873108265 0.08265424912689177
0 0.5372526193247963 0.5203725261932479 0.16880093131548307 0.08149010477299186
2 0.5518044237485448 0.649010477299185 0.16065192083818394 0.12223515715948778
2 0.7357392316647264 0.6507566938300349 0.14668218859138535 0.11874272409778819
