2 0.4435389988358556 0.5494761350407451 0.1466821885913852 0.13038416763678704
2 0.44121071012805585 0.6728754365541327 0.13969732246798608 0.10710128055878933
2 0.40104772991850995 0.8527357392316648 0.1408614668218859 0.1082654249126891
2 0.7130384167636789 0.5878928987194412 0.07101280558789298 0.0605355064027939
3 0.8341094295692666 0.5518044237485448 0.11757857974388827 0.09778812572759016
3 0.7683352735739232 0.6542491268917345 0.10710128055878926 0.07916181606519203
3 0.89930151338766 0.6583236321303843 0.12456344586728747 0.09429569266589055
0 0.6053550640279394 0.8719441210710128 0.1769499417927824 0.0884749708963912
0 0.6047770335871349 0.959254947613504 0.17113730349557357 0.08149010477299186
4 0.1688009313154831 0.6001164144353901 0.33061699650756693 0.39697322467986035
4 0.1623981373690338 0.2130384167636787 0.3247962747380676 0.3143189755529686
