2 0.431467 0.369979 0.061703 0.049645
2 0.511255 0.367851 0.062412 0.048227
2 0.509837 0.304731 0.065249 0.052482
4 0.609129 0.364305 0.070923 0.151773
4 0.610112 0.417605 0.066467 0.146107
2 0.431071 0.424191 0.066467 0.056287
2 0.509214 0.421497 0.063473 0.054491
3 0.836892 0.378759 0.045390 0.039008
3 0.887602 0.378759 0.027660 0.039008
3 0.886892 0.419894 0.029078 0.037589
0 0.721288 0.402872 0.058156 0.087235
2 0.521287 0.428121 0.039717 0.042412
2 0.521642 0.375567 0.040426 0.032624
0 0.722726 0.334705 0.059882 0.116169
3 0.837399 0.319735 0.048504 0.039521
3 0.898179 0.364945 0.047905 0.037725
3 0.895185 0.320933 0.051498 0.041917
3 0.896682 0.280812 0.050899 0.038324
