0 0.279139 0.454810 0.105987 0.071856
0 0.298001 0.371877 0.106586 0.053293
2 0.465665 0.381757 0.063473 0.050299
2 0.436025 0.427265 0.049700 0.040718
2 0.436025 0.467984 0.049700 0.037126
2 0.508180 0.445828 0.068263 0.058682
3 0.384827 0.550917 0.032335 0.026946
3 0.382731 0.576366 0.032934 0.025150
3 0.422552 0.549720 0.031138 0.028144
3 0.423150 0.575767 0.027545 0.023952
3 0.474348 0.564091 0.059281 0.049700
3 0.544108 0.564690 0.061077 0.056886
2 0.579758 0.455289 0.071632 0.059575
2 0.438268 0.437275 0.035461 0.040284
0 0.642879 0.437913 0.034752 0.053192
0 0.687206 0.437204 0.031206 0.051773
