2 0.128635 0.435905 0.050355 0.039007
3 0.035455 0.611286 0.054489 0.044311
2 0.169881 0.645417 0.055088 0.046706
2 0.087249 0.599610 0.047903 0.041317
2 0.210299 0.601107 0.054489 0.044311
2 0.126776 0.557395 0.052679 0.032335
4 0.161199 0.737332 0.104787 0.074849
4 0.231256 0.665477 0.085626 0.077244
0 0.282153 0.715775 0.062872 0.050897
0 0.304607 0.690626 0.063471 0.052095
2 0.127661 0.494417 0.049645 0.039716
2 0.213120 0.543352 0.050354 0.042553
2 0.085463 0.539452 0.048935 0.041843
2 0.172341 0.585550 0.056737 0.043262
4 0.161703 0.661081 0.093616 0.069502
3 0.234751 0.607181 0.089360 0.073758
3 0.044329 0.551579 0.033333 0.036028
