3 0.705581 0.349639 0.062413 0.048228
3 0.769057 0.337228 0.061704 0.053192
3 0.834662 0.330845 0.060994 0.050355
3 0.778987 0.390420 0.064541 0.047518
3 0.789980 0.439357 0.059576 0.044681
3 0.798136 0.489712 0.058867 0.044681
3 0.863386 0.481556 0.060285 0.049646
3 0.843527 0.381555 0.060285 0.045391
3 0.854166 0.431201 0.058867 0.046809
2 0.259298 0.587241 0.065956 0.053900
2 0.323481 0.581213 0.059573 0.048936
2 0.311424 0.524831 0.065247 0.053900
2 0.247241 0.532278 0.060282 0.048936
2 0.272773 0.680148 0.061701 0.053900
2 0.336601 0.673056 0.061701 0.052482
2 0.294049 0.784047 0.065956 0.051772
2 0.347594 0.725537 0.056736 0.043971
2 0.358941 0.777664 0.058155 0.046099
