5 0.439490 0.241596 0.296627 0.227706
2 0.602158 0.580746 0.038183 0.028871
2 0.730445 0.667126 0.040512 0.024680
2 0.759316 0.645007 0.039580 0.027940
0 0.775613 0.672015 0.049825 0.040047
2 0.732420 0.595511 0.039581 0.027940
2 0.758730 0.576651 0.040047 0.026543
2 0.600638 0.511459 0.037719 0.024680
2 0.626482 0.493298 0.040978 0.026543
0 0.775727 0.603194 0.050757 0.038650
2 0.600283 0.442172 0.038651 0.025146
2 0.627059 0.421916 0.040979 0.027474
0 0.566056 0.377911 0.076370 0.037253
3 0.611459 0.359983 0.042376 0.031199
3 0.655464 0.387224 0.040979 0.032596
5 0.431233 0.354192 0.286843 0.125727
