5 0.157375 0.241745 0.125730 0.068918
2 0.445599 0.642950 0.051688 0.041444
2 0.445367 0.592425 0.052154 0.042841
2 0.464284 0.398929 0.058673 0.052154
2 0.463353 0.448289 0.055879 0.042841
2 0.447288 0.520233 0.056345 0.043306
2 0.572085 0.414296 0.028405 0.024214
3 0.620514 0.399861 0.047032 0.039115
3 0.594204 0.440838 0.042841 0.031665
3 0.646591 0.442468 0.049826 0.037718
0 0.529012 0.527917 0.070781 0.035390
0 0.528780 0.562841 0.068456 0.032596
4 0.354388 0.419185 0.132248 0.158790
4 0.351827 0.264354 0.129920 0.125728
2 0.606559 0.673265 0.067053 0.047962
2 0.572566 0.473966 0.028870 0.021886
3 0.618433 0.459997 0.049824 0.032130
3 0.595616 0.503535 0.045168 0.035389
3 0.646372 0.502837 0.047030 0.034924
4 0.834726 0.556386 0.149007 0.251917
4 0.834290 0.458325 0.144819 0.186261
2 0.464960 0.511424 0.056810 0.041443
2 0.463330 0.466255 0.056344 0.040512
2 0.571129 0.480457 0.029802 0.020489
0 0.528987 0.593379 0.069382 0.033062
0 0.528056 0.629002 0.067520 0.032596
2 0.533876 0.680457 0.064260 0.048894
